 thêi gian 	2019-09-16_15:54	2019-09-16_15:54	2019-09-16_15:56	2019-09-16_15:57	2019-09-17_22:55	2019-09-18_11:29	2019-09-22_14:05	2019-09-22_16:41	2019-09-22_19:27	2019-09-24_08:02	2019-09-24_13:16	2019-09-26_09:13	2019-09-26_14:28	2019-09-26_23:21	2019-09-28_17:50	2019-09-28_18:00	2019-09-28_21:21
Tæng sè nh©n vËt	8	8	9	9	746	797	0	3	245	814	982	1653	940	2242	2	21	847
Sè lÇn ®ãng b¨ng	0	0	0	0	0	0	0	0	0	0	0	0	0	0	0	0	0
CÊp 1	0	0	0	0	0	0	0	0	0	0	0	0	0	0	0	0	0
CÊp 2	0	0	0	0	0	0	0	0	0	0	0	0	0	0	0	0	0
CÊp 3	0	0	0	0	0	0	0	0	0	0	0	0	0	0	0	0	0
CÊp 4	0	0	0	0	0	0	0	0	0	0	0	0	0	0	0	0	0
CÊp 5	0	0	0	0	0	0	0	0	0	0	0	0	0	0	0	0	0
CÊp 6	0	0	0	0	0	0	0	0	0	0	0	0	0	0	0	0	0
CÊp 7	0	0	0	0	0	0	0	0	0	0	0	0	0	0	0	0	0
CÊp 8	0	0	0	0	0	0	0	0	0	0	0	0	0	0	0	0	0
CÊp 9	0	0	0	0	0	0	0	0	0	0	0	0	0	0	0	0	0
CÊp 10	0	0	0	0	0	0	0	0	0	0	0	0	0	0	0	0	0
CÊp 11	0	0	0	0	0	0	0	0	0	0	0	0	0	0	0	0	0
CÊp 12	0	0	0	0	0	0	0	0	0	0	0	0	0	0	0	0	0
CÊp 13	0	0	0	0	0	0	0	0	0	0	0	0	0	0	0	0	0
CÊp 14	0	0	0	0	0	0	0	0	0	0	0	0	0	0	0	0	0
CÊp 15	0	0	0	0	0	0	0	0	0	0	0	0	0	0	0	0	0
CÊp 16	0	0	0	0	0	0	0	0	0	0	0	0	0	0	0	0	0
CÊp 17	0	0	0	0	0	0	0	0	0	0	0	0	0	0	0	0	0
CÊp 18	0	0	0	0	0	0	0	0	0	0	0	0	0	0	0	0	0
CÊp 19	0	0	0	0	0	0	0	0	0	0	0	0	0	0	0	0	0
CÊp 20	0	0	0	0	0	0	0	0	0	0	0	0	0	0	0	0	0
CÊp 21	0	0	0	0	0	0	0	0	0	0	0	0	0	0	0	0	0
CÊp 22	0	0	0	0	0	0	0	0	0	0	0	0	0	0	0	0	0
CÊp 23	0	0	0	0	0	0	0	0	0	0	0	0	0	0	0	0	0
CÊp 24	0	0	0	0	0	0	0	0	0	0	0	0	0	0	0	0	0
CÊp 25	0	0	0	0	0	0	0	0	0	0	0	0	0	0	0	0	0
CÊp 26	0	0	0	0	0	0	0	0	0	0	0	0	0	0	0	0	0
CÊp 27	0	0	0	0	0	0	0	0	0	0	0	0	0	0	0	0	0
CÊp 28	0	0	0	0	0	0	0	0	0	0	0	0	0	0	0	0	0
CÊp 29	0	0	0	0	0	0	0	0	0	0	0	0	0	0	0	0	0
CÊp 30	0	0	0	0	0	0	0	0	0	0	0	0	0	0	0	0	0
CÊp 31	0	0	0	0	0	0	0	0	0	0	0	0	0	0	0	0	0
CÊp 32	0	0	0	0	0	0	0	0	0	0	0	0	0	0	0	0	0
CÊp 33	0	0	0	0	0	0	0	0	0	0	0	0	0	0	0	0	0
CÊp 34	0	0	0	0	0	0	0	0	0	0	0	0	0	0	0	0	0
CÊp 35	0	0	0	0	0	0	0	0	0	0	0	0	0	0	0	0	0
CÊp 36	0	0	0	0	0	0	0	0	0	0	0	0	0	0	0	0	0
CÊp 37	0	0	0	0	0	0	0	0	0	0	0	0	0	0	0	0	0
CÊp 38	0	0	0	0	0	0	0	0	0	0	0	0	0	0	0	0	0
CÊp 39	0	0	0	0	0	0	0	0	0	0	0	0	0	0	0	0	0
CÊp 40	0	0	0	0	0	0	0	0	0	0	0	0	0	0	0	0	0
CÊp 41	0	0	0	0	0	0	0	0	0	0	0	0	0	0	0	0	0
CÊp 42	0	0	0	0	0	0	0	0	0	0	0	0	0	0	0	0	0
CÊp 43	0	0	0	0	0	0	0	0	0	0	0	0	0	0	0	0	0
CÊp 44	0	0	0	0	0	0	0	0	0	0	0	0	0	0	0	0	0
CÊp 45	0	0	0	0	0	0	0	0	0	0	0	0	0	0	0	0	0
CÊp 46	0	0	0	0	0	0	0	0	0	0	0	0	0	0	0	0	0
CÊp 47	0	0	0	0	0	0	0	0	0	0	0	0	0	0	0	0	0
CÊp 48	0	0	0	0	0	0	0	0	0	0	0	0	0	0	0	0	0
CÊp 49	0	0	0	0	0	0	0	0	0	0	0	0	0	0	0	0	0
CÊp 50	0	0	0	0	0	0	0	0	0	0	0	0	0	0	0	0	0
CÊp 51	0	0	0	0	0	0	0	0	0	0	0	0	0	0	0	0	0
CÊp 52	0	0	0	0	0	0	0	0	0	0	0	0	0	0	0	0	0
CÊp 53	0	0	0	0	0	0	0	0	0	0	0	0	0	0	0	0	0
CÊp 54	0	0	0	0	0	0	0	0	0	0	0	0	0	0	0	0	0
CÊp 55	0	0	0	0	0	0	0	0	0	0	0	0	0	0	0	0	0
CÊp 56	0	0	0	0	0	0	0	0	0	0	0	0	0	0	0	0	0
CÊp 57	0	0	0	0	0	0	0	0	0	0	0	0	0	0	0	0	0
CÊp 58	0	0	0	0	0	0	0	0	0	0	0	0	0	0	0	0	0
CÊp 59	0	0	0	0	0	0	0	0	0	0	0	0	0	0	0	0	0
CÊp 60	0	0	0	0	0	0	0	0	0	0	0	0	0	0	0	0	0
CÊp 61	0	0	0	0	0	0	0	0	0	0	0	0	0	0	0	0	0
CÊp 62	0	0	0	0	0	0	0	0	0	0	0	0	0	0	0	0	0
CÊp 63	0	0	0	0	0	0	0	0	0	0	0	0	0	0	0	0	0
CÊp 64	0	0	0	0	0	0	0	0	0	0	0	0	0	0	0	0	0
CÊp 65	0	0	0	0	0	0	0	0	0	0	0	0	0	0	0	0	0
CÊp 66	0	0	0	0	0	0	0	0	0	0	0	0	0	0	0	0	0
CÊp 67	0	0	0	0	0	0	0	0	0	0	0	0	0	0	0	0	0
CÊp 68	0	0	0	0	0	0	0	0	0	0	0	0	0	0	0	0	0
CÊp 69	0	0	0	0	0	0	0	0	0	0	0	0	0	0	0	0	0
CÊp 70	0	0	0	0	0	0	0	0	0	0	0	0	0	0	0	0	0
CÊp 71	0	0	0	0	0	0	0	0	0	0	0	0	0	0	0	0	0
CÊp 72	0	0	0	0	0	0	0	0	0	0	0	0	0	0	0	0	0
CÊp 73	0	0	0	0	0	0	0	0	0	0	0	0	0	0	0	0	0
CÊp 74	0	0	0	0	0	0	0	0	0	0	0	0	0	0	0	0	0
CÊp 75	0	0	0	0	0	0	0	0	0	0	0	0	0	0	0	0	0
CÊp 76	0	0	0	0	0	0	0	0	0	0	0	0	0	0	0	0	0
CÊp 77	0	0	0	0	0	0	0	0	0	0	0	0	0	0	0	0	0
CÊp 78	0	0	0	0	0	0	0	0	0	0	0	0	0	0	0	0	0
CÊp 79	0	0	0	0	0	0	0	0	0	0	0	0	0	0	0	0	0
CÊp 80	0	0	0	0	0	0	0	0	0	0	0	0	0	0	0	0	0
CÊp 81	0	0	0	0	0	0	0	0	0	0	0	0	0	0	0	0	0
CÊp 82	0	0	0	0	0	0	0	0	0	0	0	0	0	0	0	0	0
CÊp 83	0	0	0	0	0	0	0	0	0	0	0	0	0	0	0	0	0
CÊp 84	0	0	0	0	0	0	0	0	0	0	0	0	0	0	0	0	0
CÊp 85	0	0	0	0	0	0	0	0	0	0	0	0	0	0	0	0	0
CÊp 86	0	0	0	0	0	0	0	0	0	0	0	0	0	0	0	0	0
CÊp 87	0	0	0	0	0	0	0	0	0	0	0	0	0	0	0	0	0
CÊp 88	0	0	0	0	0	0	0	0	0	0	0	0	0	0	0	0	0
CÊp 89	0	0	0	0	0	0	0	0	0	0	0	0	0	0	0	0	0
CÊp 90	0	0	0	0	0	0	0	0	0	0	0	0	0	0	0	0	0
CÊp 91	0	0	0	0	0	0	0	0	0	0	0	0	0	0	0	0	0
CÊp 92	0	0	0	0	0	0	0	0	0	0	0	0	0	0	0	0	0
CÊp 93	0	0	0	0	0	0	0	0	0	0	0	0	0	0	0	0	0
CÊp 94	0	0	0	0	0	0	0	0	0	0	0	0	0	0	0	0	0
CÊp 95	0	0	0	0	0	0	0	0	0	0	0	0	0	0	0	0	0
CÊp 96	0	0	0	0	0	0	0	0	0	0	0	0	0	0	0	0	0
CÊp 97	0	0	0	0	0	0	0	0	0	0	0	0	0	0	0	0	0
CÊp 98	0	0	0	0	0	0	0	0	0	0	0	0	0	0	0	0	0
CÊp 99	0	0	0	0	0	0	0	0	0	0	0	0	0	0	0	0	0
